function [absorp_cor] = asw_correction(temp,nm_touse)
%
%   Corrects water absorption to the temperature Rrs(lambda) was measured
%
% INPUTS:
%
%   temp      - temperature at which rrs was measured in Celsius
%   nm_touse  - wavelengths (or bands)
%
% OUTPUTS:
%
%  absorp_cor - water absortion corrected to temperature rrs was measured
%
% This function also used water absorption of pure waters (asw) measured by
% from Pope and Fry (1997) and Kou et al (1993).
% We account for the temperature dependence using the Taylor series of 
% Sulivan et al 92006), applying the temperature coefficients by Rottgers
% et al (2014)
%  
%--------------------------------------------------------------------------

%interping absorption values every 1nm (wavelenght)
asw = [0.222400000000000,0.232240000000000,0.242080000000000,0.249140000000000,0.253420000000000,0.257700000000000,0.259780000000000,0.261860000000000,0.263200000000000,0.263800000000000,0.264400000000000,0.265240000000000,0.266080000000000,0.266760000000000,0.267280000000000,0.267800000000000,0.268960000000000,0.270120000000000,0.271660000000000,0.273580000000000,0.275500000000000,0.277700000000000,0.279900000000000,0.281480000000000,0.282440000000000,0.283400000000000,0.286200000000000,0.289000000000000,0.290640000000000,0.291120000000000,0.291600000000000,0.294760000000000,0.297920000000000,0.299840000000000,0.300520000000000,0.301200000000000,0.303800000000000,0.306400000000000,0.308320000000000,0.309560000000000,0.310800000000000,0.315280000000000,0.319760000000000,0.322600000000000,0.323800000000000,0.325000000000000,0.329000000000000,0.333000000000000,0.336000000000000,0.338000000000000,0.340000000000000,0.347200000000000,0.354400000000000,0.360600000000000,0.365800000000000,0.371000000000000,0.379800000000000,0.388600000000000,0.396400000000000,0.403200000000000,0.410000000000000,0.415600000000000,0.421200000000000,0.425000000000000,0.427000000000000,0.429000000000000,0.431800000000000,0.450000000000000,0.451550000000000,0.455600000000000,0.456750000000000,0.459150000000000,0.461500000000000,0.463000000000000,0.464500000000000,0.466950000000000,0.472000000000000,0.474200000000000,0.477400000000000,0.480600000000000,0.482900000000000,0.487000000000000,0.489200000000000,0.493700000000000,0.497700000000000,0.501650000000000,0.506300000000000,0.511900000000000,0.518150000000000,0.523300000000000,0.534800000000000,0.544300000000000,0.552800000000000,0.561250000000000,0.571350000000000,0.580550000000000,0.593050000000000,0.605500000000000,0.618750000000000,0.631900000000000,0.645900000000000,0.683000000000000,0.698100000000000,0.715000000000000,0.735400000000000,0.752200000000000,0.772500000000000,0.792700000000000,0.814700000000000,0.840100000000000,0.865500000000000,0.897900000000000,0.930100000000000,0.969400000000000,1.00670000000000,1.04920000000000,1.09520000000000,1.14100000000000,1.19010000000000,1.24270000000000,1.26885000000000,1.29500000000000,1.34890000000000,1.40610000000000,1.46670000000000,1.52530000000000,1.59240000000000,1.66460000000000,1.76070000000000,1.84440000000000,1.96240000000000,2.08010000000000,2.19740000000000,2.31440000000000,2.44820000000000,2.53040000000000,2.61230000000000,2.64280000000000,2.67330000000000,2.73770000000000,2.76800000000000,2.79820000000000,2.81130000000000,2.82450000000000,2.83760000000000,2.83380000000000,2.84680000000000,2.84300000000000,2.85600000000000,2.85220000000000,2.84840000000000,2.86130000000000,2.85750000000000,2.87040000000000,2.86660000000000,2.87940000000000,2.87560000000000,2.87185000000000,2.86810000000000,2.86430000000000,2.86050000000000,2.87330000000000,2.86950000000000,2.86570000000000,2.86195000000000,2.85820000000000,2.85450000000000,2.83440000000000,2.83070000000000,2.82700000000000,2.82340000000000,2.81160000000000,2.79980000000000,2.77990000000000,2.77630000000000,2.75650000000000,2.75290000000000,2.74130000000000,2.72970000000000,2.71010000000000,2.69050000000000,2.65490000000000,2.64345000000000,2.63200000000000,2.61270000000000,2.59330000000000,2.55800000000000,2.52290000000000,2.51170000000000,2.50050000000000,2.46560000000000,2.44650000000000,2.41170000000000,2.39285000000000,2.37400000000000,2.35520000000000,2.33650000000000,2.31780000000000,2.29915000000000,2.28050000000000,2.24620000000000,2.24340000000000,2.23280000000000,2.22220000000000,2.20380000000000,2.20110000000000,2.19835000000000,2.19560000000000,2.17730000000000,2.19020000000000,2.18750000000000,2.19255000000000,2.19760000000000,2.21030000000000,2.22300000000000,2.23570000000000,2.24840000000000,2.27640000000000,2.30430000000000,2.31685000000000,2.32940000000000,2.38780000000000,2.44600000000000,2.48115000000000,2.51630000000000,2.61990000000000,2.76890000000000,2.84140000000000,2.91390000000000,3.10750000000000,3.20205000000000,3.29660000000000,3.45880000000000,3.60550000000000,3.65385000000000,3.70220000000000,3.78790000000000,3.82090000000000,3.85390000000000,3.90920000000000,3.94940000000000,3.97455000000000,3.99970000000000,4.03970000000000,4.05725000000000,4.07480000000000,4.11450000000000,4.13190000000000,4.14930000000000,4.20360000000000,4.19860000000000,4.22320000000000,4.24775000000000,4.27230000000000,4.28935000000000,4.30640000000000,4.36010000000000,4.36965000000000,4.37920000000000,4.43260000000000,4.44935000000000,4.46610000000000,4.50470000000000,4.52855000000000,4.55240000000000,4.60520000000000,4.65800000000000,4.68160000000000,4.70520000000000,4.72865000000000,4.75210000000000,4.83320000000000,4.86365000000000,4.89410000000000,4.96040000000000,5.00495000000000,5.04950000000000,5.11540000000000,5.15960000000000,5.20380000000000,5.29790000000000,5.34175000000000,5.38560000000000,5.46490000000000,5.51550000000000,5.56610000000000,5.60940000000000,5.65270000000000,5.74540000000000,5.78840000000000,5.83140000000000,5.92350000000000,5.96615000000000,6.00880000000000,6.05120000000000,6.09360000000000,6.18500000000000,6.22710000000000,6.26920000000000,6.36010000000000,6.40880000000000,6.45750000000000,6.56180000000000,6.61710000000000,6.67240000000000,6.72050000000000,6.76860000000000,6.89970000000000,6.96815000000000,7.03660000000000,7.11165000000000,7.18670000000000,7.35790000000000,7.45985000000000,7.56180000000000,7.67700000000000,7.79220000000000,8.08520000000000,8.24735000000000,8.40950000000000,8.60505000000000,8.80060000000000,9.26800000000000,9.54360000000000,9.81920000000000,10.1207000000000,10.4222000000000,10.7766000000000,11.1310000000000,11.9441000000000,12.3767000000000,12.8093000000000,13.2737500000000,13.7382000000000,14.1939000000000,14.6496000000000,15.5737000000000,16.2269500000000,16.8802000000000,17.5306500000000,18.1811000000000,19.6308000000000,20.3429000000000,21.0550000000000,21.9635500000000,22.8721000000000,23.7768500000000,24.6816000000000,25.8473500000000,27.0131000000000,29.7625000000000,31.2492000000000,32.7359000000000,34.4798500000000,36.2238000000000,37.7633000000000,39.3028000000000,40.5735000000000,41.8442000000000,42.8478000000000,43.8514000000000,45.3749000000000,45.8497500000000,46.3246000000000,46.6672500000000,47.0099000000000,47.2862000000000,47.5625000000000,47.7079500000000,47.8534000000000,47.9982000000000,48.1430000000000,48.2872500000000,48.4315000000000,48.6399000000000,48.6544000000000,48.6689000000000,48.6191500000000,48.5694000000000,48.3916000000000,48.2138000000000,48.0367500000000,47.8597000000000,47.6195000000000,47.3793000000000,47.0763500000000,46.7734000000000,46.4081000000000,46.0428000000000,45.6789500000000,45.3151000000000,44.8260500000000,44.3370000000000,43.9763500000000,43.6157000000000,43.1303000000000,42.6449000000000,42.1614500000000,41.6780000000000,41.1965000000000,40.7150000000000,40.1727500000000,39.6305000000000,39.1529500000000,38.6754000000000,38.1373000000000,37.5992000000000,37.0009000000000,36.4026000000000,35.8066500000000,35.2107000000000,34.6171500000000,34.0236000000000,33.4943000000000,32.9650000000000,32.4378500000000,31.9107000000000,31.3855500000000,