function [absorp_cor] = asw_correction(temp,nm_touse)
%
% MW algorithm and for SPM and associated uncertainty estimates
%
% Juliana Tavora, University of Maine, 2020
%
% See the following publication for details on the method:
% Tavora, J, et al., An algorithm to estimate Suspended Particulate Matter
% concentrations and associated uncertainties from Remote Sensing Reflectance
% in Coastal Environments
%
% -------------------------------------------------------------------------
%   Corrects water absorption to the temperature Rrs(lambda) was measured
%
% INPUTS:
%
%   temp      - temperature at which rrs was measured in Celsius
%   nm_touse  - wavelengths (or bands)
%
% OUTPUTS:
%
%  absorp_cor - water absorption corrected to temperature rrs was measured
%
% This function used water absorption of pure waters (asw) measured by
% from Pope and Fry (1997) and Kou et al (1993).
% We account for the temperature dependence using the Taylor series of 
% Sulivan et al (2006), applying the temperature coefficients by Rottgers
% et al (2014)
%  
%--------------------------------------------------------------------------

% absorption values every 1nm (wavelength)
asw  = [0.22240,0.23224,0.24208,0.24914,0.25342,0.25770,0.25978,0.26186,0.26320,0.26380,0.26440,0.26524,0.26608,0.26676,0.26728,0.26780,0.26896,0.27012,0.27166,0.27358,0.27550,0.27770,0.27990,0.28148,0.28244,0.28340,0.28620,0.289,0.29064,0.29112,0.29160,0.29476,0.29792,0.29984,0.30052,0.30120,0.30380,0.30640,0.30832,0.30956,0.31080,0.31528,0.31976,0.32260,0.32380,0.325,0.329,0.333,0.336,0.338,0.34,0.34720,0.35440,0.36060,0.36580,0.371,0.37980,0.38860,0.39640,0.40320,0.41,0.41560,0.42120,0.425,0.427,0.429,0.43180,0.45,0.45155,0.45560,0.45675,0.45915,0.46150,0.463,0.46450,0.46695,0.472,0.47420,0.47740,0.48060,0.48290,0.487,0.48920,0.49370,0.49770,0.50165,0.50630,0.51190,0.51815,0.52330,0.53480,0.54430,0.55280,0.56125,0.57135,0.58055,0.59305,0.60550,0.61875,0.63190,0.64590,0.683,0.69810,0.715,0.73540,0.75220,0.77250,0.79270,0.81470,0.84010,0.86550,0.89790,0.93010,0.96940,1.0067,1.0492,1.0952,1.1410,1.1901,1.2427,1.268850000,1.2950,1.3489,1.4061,1.4667,1.5253,1.5924,1.6646,1.7607,1.8444,1.9624,2.0801,2.1974,2.3144,2.4482,2.5304,2.6123,2.6428,2.6733,2.7377,2.7680,2.7982,2.8113,2.8245,2.8376,2.8338,2.8468,2.8430,2.8560,2.8522,2.8484,2.8613,2.8575,2.8704,2.8666,2.8794,2.8756,2.871850000,2.8681,2.8643,2.8605,2.8733,2.8695,2.8657,2.861950000,2.8582,2.8545,2.8344,2.8307,2.8270,2.8234,2.8116,2.7998,2.7799,2.7763,2.7565,2.7529,2.7413,2.7297,2.7101,2.6905,2.6549,2.643450000,2.6320,2.6127,2.5933,2.5580,2.5229,2.5117,2.5005,2.4656,2.4465,2.4117,2.392850000,2.3740,2.3552,2.3365,2.3178,2.299150000,2.2805,2.2462,2.2434,2.2328,2.2222,2.2038,2.2011,2.198350000,2.1956,2.1773,2.1902,2.1875,2.192550000,2.1976,2.2103,2.2230,2.2357,2.2484,2.2764,2.3043,2.316850000,2.3294,2.3878,2.4460,2.481150000,2.5163,2.6199,2.7689,2.8414,2.9139,3.1075,3.202050000,3.2966,3.4588,3.6055,3.653850000,3.7022,3.7879,3.8209,3.8539,3.9092,3.9494,3.974550000,3.9997,4.0397,4.057250000,4.0748,4.1145,4.1319,4.1493,4.2036,4.1986,4.2232,4.247750000,4.2723,4.289350000,4.3064,4.3601,4.369650000,4.3792,4.4326,4.449350000,4.4661,4.5047,4.528550000,4.5524,4.6052,4.6580,4.6816,4.7052,4.728650000,4.7521,4.8332,4.863650000,4.8941,4.9604,5.004950000,5.0495,5.1154,5.1596,5.2038,5.2979,5.341750000,5.3856,5.4649,5.5155,5.5661,5.6094,5.6527,5.7454,5.7884,5.8314,5.9235,5.966150000,6.0088,6.0512,6.0936,6.1850,6.2271,6.2692,6.3601,6.4088,6.4575,6.5618,6.6171,6.6724,6.7205,6.7686,6.8997,6.968150000,7.0366,7.111650000,7.1867,7.3579,7.459850000,7.5618,7.6770,7.7922,8.0852,8.247350000,8.4095,8.605050000,8.8006,9.2680,9.5436,9.8192,10.12070000,10.42220000,10.77660000,11.131,11.94410000,12.37670000,12.80930000,13.27375000,13.73820000,14.19390000,14.64960000,15.57370000,16.22695000,16.88020000,17.53065000,18.18110000,19.63080000,20.34290000,21.055,21.96355000,22.87210000,23.77685000,24.68160000,25.84735000,27.01310000,29.76250000,31.24920000,32.73590000,34.47985000,36.22380000,37.76330000,39.30280000,40.57350000,41.84420000,42.84780000,43.85140000,45.37490000,45.84975000,46.32460000,46.66725000,47.00990000,47.28620000,47.56250000,47.70795000,47.85340000,47.99820000,48.143,48.28725000,48.43150000,48.63990000,48.65440000,48.66890000,48.61915000,48.56940000,48.39160000,48.21380000,48.03675000,47.85970000,47.61950000,47.37930000,47.07635000,46.77340000,46.40810000,46.04280000,45.67895000,45.31510000,44.82605000,44.337,43.97635000,43.61570000,43.13030000,42.64490000,42.16145000,41.678,41.19650000,40.715,40.17275000,39.63050000,39.15295000,38.67540000,38.13730000,37.59920000,37.00090000,36.40260000,35.80665000,35.21070000,34.61715000,34.02360000,33.49430000,32.965,32.43785000,31.91070000,31.38555000,30.86040000,30.21415000,29.56790000,28.98565000,28.40340000,27.82345000,27.24350000,26.72705000,26.21060000,25.635,25.05940000,24.48605000,23.91270000,23.60570000,23.29870000,22.99170000,22.48385000,21.976,21.53065000,21.08530000,20.64170000,20.19810000,19.81655000,19.435,19.05495000,18.67490000,18.4167666666667,18.1586333333333,17.90050000,17.52370000,17.14690000,16.89120000,16.63550000,16.38075000,16.126,15.87225000,15.61850000,15.4848666666667,15.3512333333333,15.21760000,15.08455000,14.95150000,14.75975000,14.568,14.49520000,14.42240000,14.3695666666667,14.3167333333333,14.26390000,14.19170000,14.11950000,14.10630000,14.09310000,14.0799666666667,14.0668333333333,14.05370000,14.09910000,14.14450000,14.24805000,14.35160000,14.37710000,14.40260000,14.42810000,14.58895000,14.74980000,14.96805000,15.18630000,15.3264666666667,15.4666333333333,15.60680000,15.82325000,16.03970000,16.31295000,16.58620000,16.76250000,16.93880000,17.11510000,17.44345000,17.77180000,18.21340000,18.655,18.8663333333333,19.0776666666667,19.289,19.67025000,20.05150000,20.29850000,20.54550000,20.79250000,21.22735000,21.66220000,21.9443333333333,22.2264666666667,22.50860000,22.940,23.37140000,23.4255333333333,23.4796666666667,23.53380000,24.01855000,24.50330000,24.9298333333333,25.3563666666667,25.78290000,26.48730000,27.19170000,27.7627666666667,28.3338333333333,28.90490000,30.27180000,31.63870000,32.8699666666667,34.1012333333333,35.33250000,37.85230000,40.37210000,42.62270000,44.87330000,47.12390000,49.9878333333333,52.8517666666667,55.71570000,60.45770000,65.19970000,68.5845666666667,71.9694333333333,75.35430000,80.66160000,85.96890000,88.9563666666667,91.9438333333333,94.93130000,97.9759666666667,101.020633333333,104.0653000,107.0241500,109.9830000,111.3361000,112.6892000,114.0423000,115.027266666667,116.012233333333,116.9972000,117.9780000,118.9588000,119.216233333333,119.473666666667,119.7311000,119.9872000,120.2433000,120.4994000,120.754233333333,121.009066666667,121.2639000,122.2318000,123.1997000,123.094933333333,122.990166666667,122.8854000,123.136466666667,123.387533333333,123.6386000,123.888366666667,124.138133333333,124.3879000,124.8135500,125.2392000,125.486566666667,125.733933333333,125.9813000,126.227433333333,126.473566666667,126.7197000,126.9646000,127.2095000,127.4544000,127.698066666667,127.941733333333,128.1854000,128.078466666667,127.971533333333,127.8646000,127.2350000,126.6054000,126.848133333333,127.090866666667,127.3336000,126.881066666667,126.428533333333,125.9760000,125.8719000,125.7678000,125.6637000,125.214766666667,124.765833333333,124.3169000,124.214666666667,124.112433333333,124.0102000,123.221233333333,122.432266666667,121.6433000,121.543766666667,121.444233333333,121.3447000,120.9037000,120.4627000,120.0217000,119.923933333333,119.826166666667,119.7284000,119.290866666667,118.853333333333,118.4158000,117.9804000,117.5450000,117.1096000,116.6763000,116.2430000,115.8097000,115.7163000,115.6229000,115.5295000,115.099566666667,114.669633333333,114.2397000,113.811833333333,113.383966666667,112.9561000,112.6144250,112.2727500,111.9310750,111.5894000,111.166033333333,110.742666666667,110.3193000,110.231466666667,110.143633333333,110.0558000,109.968366666667,109.880933333333,